
CRISTOFOLI EQUIP BIOSSEGURANCA LTDA 
esp1107   RELATORIO DE MATERIAIS INVENTARIADOS  -  WMS                   FL.   1
                                         EXTRAIDO EM 08/04/2025 AS 10:11:06 HRS.
                                      DATA    |                    QUANTIDADE                                                     ||                         VALOR                                                                 |PRE     |
CODIGO          MATERIAL          UN. INVENT. |ESTOQUE       CONTAGEM      DIFERENCA     IV-           IV+           VAL. ABSOLUTO||ESTOQUE         CONTAGEM        DIFERENCA       IV-             IV+             VAL. ABSOLUTO  |UNIT.   |
--------------- ----------------- --- --------|------------- ------------- ------------- ------------- ------------- -------------||--------------- --------------- --------------- --------------- --------------- ---------------|--------|
INS.00157       DISCO POLICORTE   UN  07/04/25         41,00         41,00          0,00          0,00          0,00          0,00          1187,63         1187,63            0,00            0,00            0,00            0,00    28,97
INH.00011       RODA POLINOX PFE  UN  07/04/25        306,00        306,00          0,00          0,00          0,00          0,00         97920,00        97920,00            0,00            0,00            0,00            0,00   320,00
INH.00051       LIXA D AGUA 320   UN  07/04/25         53,00         53,00          0,00          0,00          0,00          0,00            60,02           60,02            0,00            0,00            0,00            0,00     1,13
INS.00150       CORREIA SCM GEN   UN  07/04/25        412,00        412,00          0,00          0,00          0,00          0,00         39416,50        39416,50            0,00            0,00            0,00            0,00    95,67
MPR.01843       BASE CHAPA FRONT  UN  07/04/25        130,00          0,00       -130,00        130,00          0,00        130,00         15164,09            0,00       -15164,09        15164,09            0,00        15164,09   116,65
INS.00151       CORREIA SCM GEN   UN  07/04/25        364,00        364,00          0,00          0,00          0,00          0,00         45403,43        45403,43            0,00            0,00            0,00            0,00   124,73
PRC.00427       CONJUNTO ATUADOR  UN  07/04/25          1,00          0,00         -1,00          1,00          0,00          1,00            24,34            0,00          -24,34           24,34            0,00           24,34    24,34
INS.00148       CORREIA ABRASIVA  UN  07/04/25        420,00        430,00         10,00          0,00         10,00         10,00         29011,71        29702,47          690,76            0,00          690,76          690,76    69,08
MPR.01221       ESPACADOR NYLON   UN  07/04/25       1300,00       1300,00          0,00          0,00          0,00          0,00           489,92          489,92            0,00            0,00            0,00            0,00     0,38
PRC.00566       CAPA ABS RM27 SU  UN  07/04/25        767,00        765,00         -2,00          2,00          0,00          2,00          6678,45         6661,03          -17,42           17,42            0,00           17,42     8,71
 -------------------------------------------------------------------------------------------------------------------------------------------------------------------------------------------------------------------------------------------
TOTAL                                                3794,00       3671,00       -123,00        133,00         10,00        143,00        235356,09       220841,00       -14515,09        15205,85          690,76        15896,61
































